**page 0**
( 111 ) 22002111
( ) 1111109
3011111071930111110
1193011111011930
(
)
(
)
( )
111
110930119 , 869 , 81679 , 483,858 (
3,354, 9034,099,716 )
23.98% 17.33% 35 ,069, 64328, 095 , 167
13.03% 12.27% 11111071930111
11011930 ( ) ( 2,403,627 ) ( 672,474 )
( 1,843,462 ) 1,958,554 ( ) ( 44.97% )
( 4.87% ) ( 12.76 % ) 5.54%
~4~


**page 1**
( )
111110930
11111071930111110119
3011111011930
111110930
4,366 , 4474 ,186, 5190.87%
0.91% 1111107193011111011
930 ( ) 164 , 14445 , 178343 , 630
117,653 ( ) 3.07% 0.33% 2.38% 0.33%
( 88 ) ( ) 95577
( 85 ) ( ) 68702
1111110
~5~

