**page 0**
民國111年及110瓶耐台日至3月31日
(僅經核閱·未依一般公認審計準則查核)
單位:新台幣仟元
營業活動之現金流量:
税前淨利$ 226,831,696$ 155,064,389
調整項目:
收益費損項目
折舊費用108,934,26598,972,867
攤銷費用2,167,7981,927,451
預期信用減損損失(迴轉利益)―債
務工具投資11,768(497)
財務成本2,140,766772,095
採用權益法認列之關聯企業損益份額(1,725,490)(1,267,112)
利息收入(1,673,879)(1,460,904)
股份基礎給付酬勞成本股份基礎給付酬勞成本27,4531,704
處分及報廢不動產丶廠房及設備淨損
(益))48,257(9,960)
不動產丶廠房及設備減損損失790,740274,388
處分透過其他綜合損益按公允價值衡
量之債務工具投資淨損失(利益)140,778(2,986)
外幣兑換淨損(益)2,074,789(4,773,733)
股利收入(75)(169,167)
其他項目(258,3288)(192,049)
與營業活動相關之資產/負債淨變動數
透過損益按公允價值衡量之金融工具918,8083,929,781
應收票據及帳款淨額((15,260,809)(21,663,073)
應收關係人款項134,314222.559
其他應收關係人款項3.366(1,946)
存货货(7,016,361)(17,214,161)
其他金融資產泽1,229,128(2,917,033)
其他流動資產(1,132,181)771,765
應付帳款1,367,580(2,334,169)
應付關係人款項13,710(162,728)
應付薪資及獎金(2,724,989))(4,375,063)
應付員工酬勞及董事酬勞12,241,7938,468,539
應付費用及其他流動負債5,607,20214,976,395
(接次頁)
.9.

