**page 0**
司公子及司公限有份股子電華聯
表
量
流
金
現
併
合
日十三月九至日一月一年一一一及年二一一國民
)位單為元千幣臺新以均額金(
日一月一年一一一
日一月一年二一一
目
項
日十三月九至
日十三月九至
：量流金現之動活業營
690,175,18
$
743,262,65
$
利淨前稅期本
：目項整調
563,635,13
445,408,72
用費舊折
939,551,2
571,859,1
用費銷攤
883,2
)133,76(
數)益利(失損損減用信期預
708,698
)293,861(
)益利(失損淨債負及產資融金之量衡值價允公按益損過透
039,863,1
845,060,1
用費息利
)931,220,1(
)334,065,3(
入收息利
)728,431,2(
)795,137,1(
入收利股
788,611,1
522,668
本成勞酬付給礎基份股
250,755,3
)217,599,4(
額份之)益利(失損資合及業企聯關之列認法益權用採
)041,144(
)674,612(
益利備設及房廠、產動不分處
-
)026,91(
益利資投之法益權用採分處
519,281
-
失損債司公付應回買
111,430,3
184,881,1
失損換兌債負及產資融金
-
)100,494(
益利買購價廉
)663,1(
371
)益利(失損改修約租
)527,381,3(
)363,622,2(
銷攤助補府政延遞
791,860,73
122,893,91
計合目項損費益收
：數動變債負/產資之關相業營與
)252,013(
478,652,2
債負及產資融金之量衡值價允公按益損過透
)846,46(
)927,402(
產資約合
)819,100,9(
844,999,5
款帳及據票收應
)574,206(
)953,37(
款收應他其
)121,675,6(
)067,644,5(
貨存
)263,840,3(
527,603,1
項款付預
)022,75(
-
產資動流他其
)070,65(
)314,162(
本成約合行履
819,625
)117,674(
債負約合
649,955,1
)381,485(
款帳付應
228,146,4
)592,536,8(
款付應他其
225,77
640,591
債負動流他其
)122,596(
)466,052(
債負利福定確淨
)312,21(
)436,18(
他其-債負動流非他其
100,120,501
319,304,96
入流金現之生產運營
280,619
131,373,3
息利之取收
384,911,4
315,716,3
利股之取收
)427,818(
)746,416(
息利之付支
)780,333,4(
)379,699,51(
稅得所之付支
557,409,401
739,287,95
入流金現淨之動活業營
頁
下
接
9
睏恒
.I L-

