**page 0**
司公子及司公限有份股子電華聯
表
債
負
產
資
併
合
日十三月九年一一一及日一十三月二十年一一一、日十三月九年二一一國民
)位單為元千幣臺新以均額金(
日十三月九年一一一
日一十三月二十年一一一
日十三月九年二一一
％
額
金
％
額
金
％
額
金
註
附
產
資
碼
代
產資動流
87.43
041,946,081
$
16.23
777,818,371
$
07.52
055,146,041
$
1.六及四
金現當約及金現
0011
31.0
128,476
31.0
819,507
80.0
081,134
2.六及五、四
動流-產資融金之量衡值價允公按益損過透
0111
74.0
101,644,2
06.
0
750,312,3
68.
0
013,707,4
3.六及五、四
動流-產資融金之量衡值價允公按益損合綜他其過透
0211
71.0
301,698
61.0
718,168
10.0
294,17
4.六及四
動流-產資融金之量衡本成後銷攤按
6311
80.0
060,483
70.0
813,373
01.
0
147,365
12.六及四
動流-產資約合
0411
-
-
-
-
00.0
516
四
據票收應
0511
93.8
914,685,34
48.6
015,444,63
65.5
532,404,03
5.六及四
額淨款帳收應
0711
42.0
856,552,1
01.0
775,035
31.0
662,007
七及四
額淨人係關-款帳收應
0811
13.0
622,516,1
43.0
999,708,1
04.0
288,281,2
四
款收應他其
0021
00.0
039,81
10.0
652,04
20.0
504,78
四
產資稅得所期本
0221
08.5
896,101,03
38.5
069,960,13
86.6
675,065,63
6.六及五、四
額淨貨存
X031
05.0
796,375,2
25.0
549,387,2
53.0
802,349,1
項款付預
0141
35.0
587,247,2
31.0
409,027
81.0
267,589
12.六
產資動流他其
0741
04.15
836,449,662
43.74
830,173,252
70.04
222,082,912
計合產資動流
XX11
產資動流非
95.3
340,266,81
43.3
156,487,71
59.2
040,651,61
2.六及五、四
動流非-產資融金之量衡值價允公按益損過透
0151
99.1
716,743,01
52.2
345,679,11
60.
2
959,192,11
3.六及五、四
動流非-產資融金之量衡值價允公按益損合綜他其過透
7151
00.0
772,61
00.0
194,7
50.
0
198,872
4.六及四
動流非-產資融金之量衡本成後銷攤按
5351
43.6
076,909,23
85.6
982,680,53
98.7
406,361,34
七及7.六、四
資投之法益權用採
0551
17.82
156,811,941
80.23
660,289,071
08.83
797,663,212
八及8.六、四
備設及房廠、產動不
0061
25.1
498,209,7
34.1
199,116,7
33.1
327,872,7
八及9.六、四
產資權用使
5571
18.0
198,002,4
08.0
002,572,4
37.0
204,289,3
七及01.六、四
產資形無
0871
99.0
455,721,5
59.0
963,150,5
39.0
879,180,5
四
產資稅得所延遞
0481
61.3
498,724,61
56.3
955,934,91
67.3
073,755,02
款備設付預
5191
35.0
842,757,2
15.0
196,947,2
05.0
087,337,2
八
金證保出存
0291
69.0
345,879,4
70.1
402,617,5
39.0
091,990,5
他其-產資動流非他其
0991
06.84
282,944,252
66.25
450,186,082
39.95
437,099,723
計合產資動流非
XX51
00.001
029,393,915
$
00.001
290,250,335
$
00.001
659,072,74
5
$
計總產資
XXX1
)頁下接(
5
睏囯
n

