**page 0**
台量灣積 ］
民國 112 年 3 31 8
旱位 新台條仟元
112年3月 31 a 111年12月 31 8 111年3月 31 B
（經核閲） （烴查核） （經核閲）
代 碼預 崖金 籍 % 金 鎌 % 金 籍 %
流動預＆
1100 現金及的當現金（附註六） $1,385,232,810 27 $1,342,814,083 27 $1,151,589,646 29
1110 透過扭益按公允價值街量之金融資至（附註七） 982,014 1,070,398 758,452
1120 透過其化琛合損益按公允價值街量之金融貸左（附扛八） 129,541,034 3 122,998,543 2 120,995,765 3
1136 按攤銷後成本街量之金油資左（附扛九） 73,428,595 2 94,600,219 2 8,425,386
1139 避險之金融資左（附扛十） 70 2,329 286,824
1170 應收票損及帳款淨籍（附扛十一） 147,715,125 3 229,755,887 5 212,846,891 5
1180 恩收間係人款項（附註三二） 332,554 1,583,958 581,010
1210 其他愿收開係人款項（附訌三-=-) 76,608 68,975 58,165
1310 存貨（附往十:=-) 216,067,981 4 221,149,148 4 200,118,682 5
1476 其他金融資及（附訌三三） 26,007,016 1 25,964,428 1 16,243,656
1479 其化流動資走 16343714 12,888,776 10 333 155
llXX 流動實左合計 1,995,727,521 _40 2,052,896.744 _41 1,722,237,632 43
非流動貸差
1517 透過其他綜合操益按公允價值衝量之金融資至（附註八） 6,918,090 6,159,200 6,011,937
1535 按攤錶後成本街量之金融資注（附註九） 34,512,468 1 35,127,215 1 15,605,898
1550 採用4楫益法之投貸（附苴十三） 28,483,064 1 27,641,505 1 24,119,008 1
1600 不動至丶廠房及誤備（附扛十四） 2,833,396,892 56 2,693,836,970 54 2,104,330,654 53
1755 使用楫責差（附註十五） 42,018,656 1 41,914,136 1 32,922,146
1780 乒形菌至（附往十六） 24,296,839 25,999,155 1 25,620,051
1840 逸廷所得我君左（附扛四） 68,775,652 1 69,185,842 1 53,903,541
1920 存出係逹金 4,218,206 4,467,022 - 4,073,354
11 59 X90
X
其他非 非流 流動 動資 資左
產合計
3,0507 ,4 19 16
6
,896 20
7 ＿上
2,9117
,
855 81
2
J08 39
4 一旦
2,2703, .485 32 9, ,4 04 36
5
-
=
-
lXXX 資 走 總 計 $5凶58113蟑 $4 964 778 8Z8 $3另2676函7
負 債 及 揖 益
流動負債
2100 短期借款 （附註十七及三十） $ $ $ 144,550,897 4
2120 透過操益按公允價值術量之金融負債 (Ht註七） 620,967 116,215 2,203,138
2126 避渣之金駐負債（附往十） 39,108 813
2170 患付帳款 46,302,185 1 54,879,708 1 48,653,183
2180 患什關係人款項 （附訌三.::..) 1,079,764 1,642,637 1,450,896
2201 患付涵資及獎金 24,518,981 1 36,435,509 1 21,077,111
2206 愿什員工酬勞及董事酬勞（附訌二八） 74,158,512 1 61,748,574 1 48,766,534
2213 應付工程及玟備款 157,374,807 3 213,499,613 _4 122,915,512 3
2216 恿付現金股利（附t主--t-) 142,617,093 3 142,617,093 3 142,617,093 4
2230 本1月所得税負債 (Rti主1!9) 157,215,093 3 120,801,814 3 87,693,132 2
2320 一年內到期長制負債（附扛十八、十九及三十） 8,040,000 19,313,889 16,791,667
- -
2399 恿亻寸岱用及其他流動負債（附往十五、二一 、三十及三.::..) 261,123,411 293,170,952 186,148,544
-
2JXX 流動負債合計 873,089,921 ＿卫 944,226,817 -J2 822,867?07
非流動負債
2530 應付公司債（附訌十八及三十） 848,637,481 17 834,336,439 17 629,650,221 16
2541 長期銀行借款（附苴十九及三十） 6,147,668 4,760,047 3,087,714
2573 逸延所得稅負債（附註四） 726,005 _ 1,031,383 1,899,315
2580 租賃負債（附扛十五及三十） 29,984,875 29,764,097 21,065,933
2640 凈堢定福利負債 (H":t四） 8,602,302 9,321,091 8,533,290
2645 存入保琛金 915,592 892,021 706,708
- -
2670 其他非流動負債（附註;:;..一） 184,842,906 179,958,116 183,397,025
-
25XX 非流動負債合計 1,079,856,829 1,060,063,194 -2 848,340,206 21
2XXX 負債合計 1,952,946,750 _39 2,004,290,011 _49 1,671,207 913 」
歸局於母公司某主之権益
3110 肢本 (Rt1主二十）
- -
誓通股股本 259,320?10 259,303,805 259,317,675
-
3200 資本公積（附l1.::..+&.::..七） 69 894 441 ___l 69,330,328 __l 65,215,135
保留盈蜍（附註_;:_+)
3310 法定盈蜍公積 311,146,899 6 311,146,899 6 311,146,899 8
3320 特別盈蜍公積 20,320,473 -1 3,154,310 62,608,515 1
3350 未分醌盈蜍 2,441,820,698 2,323,223,479 ＿上7 1,664,506,123 -一旦
3300 係留盔蜍合計 2,773,288,070 一立5 2,637,524,688 一呈 2,038,261,537
3400 其他槿益 （附苴二十及二七） ( 24,269,263) ( 20,505,626) ( 47,492,685) （一一1)
3500 庫藏股票（附扛.::.+) ( 871 566)
31XX 母公司案主槿益合計 3,078,233,958 61 2,945,653,195 59 2,314,430,096 58
36XX 非控制損益 14,663,640 14,835,672 - 7,038,658 -
-
3XXX 槓益合計 3,092,897,598 二 2,960,488,867 ＿竝 2,321,468,754
=
負債及揮益連計 $5 (!45 844 348 這 $4 96A 7Z8 878 $3 222 6茲函7
後附之附註係本合併財務赧告之一鄯分 ·
鷗
董事長 烴1里人 會計主子
- 4 -

