**page 0**
民國 111 年 3 月 日及 3 月 31 日
單位 新台幣仟元
111 年3月 31 日 110年12月 31 日 110年3月 31 日
（經核閲） （徑巫查核） （叄至核閲）
代瑪賚 産金 額％全 額％金 額％
流動資產 23 -4
llOO 現金及約當現金（附註六） $ 1,151,589,646 29 $ 1,064,990,192 29 664,727,857
lllO 透過損益按公允價值衡量之金晶資産（附注七） 758,452 159,048 26,897
ll20 透過其他琮合損益按公允償值衡量之金融資歪（附註八） 120,995,765 3 119,519,251 3 125,208,307
ll36 按揣銷後成本衡量之金融資産（附註九） 8,425,386 3,773,571 6,694,422
ll39 避險之金融資産（附註十） 286,824 5 13,468 64,349
ll70 應收票抵及帳款淨額（附註十一） 212,846,891 197,586,109 167,143,336
ll80 應收關亻系人款項（附注三一） 581,010 715,324 335,572
1 12 31 10 0 存其 貨他 （愿 附收 注關 十係 二人 ）款項（附往三一） 200,15 188 ,, 61 86 25 - 5 1 193,106 21 ,,5 33 21 1 - 154,55 62 7, ,5 59 61 8 51--39
1476 其他金融責産（附註三二） 16,243,656 16,630,611 5 15,131,465 _
1479 其他流動資產 10,333,155 一 10,521,481 5,834A59
1
llXX 流動資產合計 1,722,237,632 ＿＿4 3 1,607,072,9O7 一 1,139,786,823
-
非流動賁産
1517 透過其他琮合損益按公允償值衡量之金融資産（附註八） 6,011,937 5,887,892 - 4,401,224
1535 按攤銷後成本衡量之金融資產（附註九） 15,605,898 1,533,391 4,434,410
1550 採用権益法之投資（附往十三） 24,1191008 5 13111 21,963,418 4 51 3111 20,294,816 5 17111
1600 不動產、廠房及設備（附註十四） 2,104,330,654 1,975,118,704 3 1,658,551,290
1755 使用権賁産（附註十五） 32,922,146 32,734,537 32,282,312
1780 乓形蕡走（附往十六） 25,620,051 26,821,697 25,012,688
1840 遞延所得我資產（附註四） 53,903,541 49,153,886 31,254,225
1920 存出係璨金 4,073,354 2,624,854 _ 1,193,924
1990 其他非流動貸産 3,852,446 2,592,1 69 _ 57 1,919,749
15:XX 非流動贊産合計 2,27O,439,035 57 2,118,43O,548 1,779,344,638 61
_
lXXX 蕡 產 ,.u.白' 3'` 計 $ 3,992,676,667 J騙 $ 3,725503,455 100 $ 2,919,131,461 」編
負 佰 及 椎 益
流動負債 4 $
2100 短期借款（附註十七及二九） 144,550,897 114,921,333 137,123,748
2120 透過損益按公允價值衡量之金融負債（附註七） 2,203,138 681,914 1,958,208
2126 避險之金融負債（附註十） 9,642
1-11442-4-20 1-11443
2170 愿付帳款 48,653,183 1 - 47,285,603 36,653,115
2180 應付關係人款項 （附註三一） 1,450,896 1 1 1,437,186 1,944,990
3
2201 應付薪貸及獎金 21,077,111 4 2 23,802,100 15,696,178
2206 應付員工酬勞及董事酬勞 （附註二八） 48,766,534 - 5 36,524,741 44,149,585
2213 應付工程及設備款 122,915,512 145,742,148 109,037,744
2216 應付現金股利（附訌二十） 142,617,093 142,617,093 129,651,902
2230 本期所待稅負債（附註四） 87,693,132 59,647,152 74,018,602 J
2320 一年內到期長期負債（附注十八、十九及二九） 16,791,667 4,566,667
2399 應付費用及其他流動負債（附註十五、 二一、二九及三一） 186,148,544 162,267,779 _ 111,414,54O _
一 23
21XX 流動負債合計 822,867,7O7 2 739,5O3,358 661,648,612
一1
非流動負債
2530 愿付公司債（附注十八及二九） 629,650,221 16 610,070,652 16 276,838,303 10
2541 長期銀行借款（附註十九及二九） 3,087,714 3,309,131 2,623,824
2573 遞廷所得我負債（附註四） 1,899,315 1,873,877 1,895,572
2580 租賃負債（附往十五及二九） 21,065,933 20,764,214 21,074,764
2640 凈喵定福利負債（附往四） 8,533,290 11,036,879 11,294,513
2 26 64 75 0 存 其入 他非保 流鞏 動金 負債（附扛二一） 183,370 96 7, ,7 00 28 5 5 J- 167,6 58 26 5, ,7 36 72 7 二 2,43 O49 9, ,5 410 10 一
25XX 非流動負債合計 848,34O,2O6 _ 815,266,892 一2 2 316,485,887 一1 1
42
2.XXX 負債合計 1,671,2O7,913 1,554,77O,25O 一4
2
978,134,499 一3
4
歸反於母公司業主之損益
3110 股本（附註四及二十）
蒼通股股本 259,317,675 二 259,3O3,8O5 「7 259,3O3,8O5 「9
3200 資本公積（附註四、二十及二七） 65,215,135 64,761,6O2 64,753,6O7
保留盈餘（附註四及二十） 一 一
3310 法定盈餘公積 311,146,899 8 311,146,899 311,146,899
3320 特別盈餘公積 62,608,515 1 59,304,212 ： 54,679,873 ＼
3 3 33 43 0 05 0 00 其他根未 益分 （配 保 附盈 留 註餘 盈 四餘 、合 二計
十及二七）
(4721 ,,, 0 46 36 984 ,, 225 60 ,16 6, ,51 82 3 53 7
) I. ,
二一4 2 5
1
(621 1 ,,, 695 O3 O6 6, , 83 87 2 ,8 9 5, ,5 6 15 6O 51
) I,,
二＿4 15
1
(481 1 ,,, 362 69 937 ,, 224 74 ,1 85 ,, 80 2O3 35 7
) ,
「＿4 45
7
3500 庫藏股票（附註四及二十） (871,566) 一
－ 一
31XX 母公司業主損益合計 2,314,430,096 5 2,168,286,S53 5 1,938,936,396 6
8 8 一6
36XX 非控制損益 7,038,658 2,446,652 2,06O566
3XXX 指益合計 2,321,468,754 －竝 2,170,733,2O5 58 1,94O,996,962 一呈i
=
＾ 目 債 及瘟 益總計 $ 3,992,676,667 $ 3,725503,455 －垃9 $ 2 919,131,461 」嵓｝
＾
璽之一部分。
藐事長 經．1里A 會計主管

