**page 0**
民國 111 年及 110 年 7 月 1 日至 9 及 110 年 1 月 1 日至 9 月 30 日
（僅經核閲 ，J查核）
單位：新台幣仟元，惟
每股盈餘為元
30日 110年7月1日至9月30日 111年1月1日至9月30日 110年1月1日至9月
代碼
營業收入
4100 銷貨收入（附註二十及三四） $ 6,077,173 100 $ 6,663,429 100 $19,808,521 100 $19,632,353 100
營業成本
5110 銷貨成本（附註十及二一） 3,262,883 旦 3,384,194 阜 10,820,108 呈 10,021,046 51
5900 營業毛利 2,814,290 4 3,279,235 4 8,988,413 埠 9,611,307 」
營業費用（附註二一）
6100 推銷蕢用 626,899 10 585,804 9 1,898,833 9 1,705,148 9
6200 詧理費用 305,934 5 505,533 8 821,844 4 1,015,791 5
6300 硏究發展蕢用 184,819 3 152,205 2 543,778 3 441,850 2
6450 預期信用，成損損失（利益） 6 376) 6 809 17 549 33 455
6000 營業費用合計 1,111,276 18 1,250,351 卫 3,282,004 」 3,196,244 16
6900 營業凈利 1,703,014 28 2,028,884 立 5,7O6,4O9 22 6,415,063 33
營業外收入及支出（附註二一）
7100 利息收入 28,369 1 22,947 1 76,133 73,262
7020 其他利益及損失 105,275 2 83,470 1 386,070 2 ( 19,210)
7050 財務成本 34 424) (_1) 54164) (_l) 103 475) ( 149139) (_!)
7000 澇業外收入及支出合計 99 220 2 52,253 1 358 728 2 ( 95 087) (_1)
7900 繼續營業單位稅前淨利 1,802,234 30 2,081,137 31 6,065,137 31 6,319,976 32
7950 所得稅費用（附註四及二二） 411,201 —z 480,532 1,394,306 _z 1,484,268
－工
8200 本期淨利 1,391,033 23 1,600,605 24 4,670,831 24 4,835,708 25
其他綜合損益
8310 不重分顛至損益之項目：
8341 換算表達貸幣之兌換差額 305,956 5 ( 21,206) 1,083,920 5 ( 400,927) (2)
8360 後續可能重分顛至損益之項目：
8361 國外營運機構財務赧表換算
之兌換差額 55,612) (--1) 3 541) 204,482) (-1.) 13 085
8300 本期其他綜合損益（稅後凈
額） 250,344 」 24 747) 879 438 _4 387,842)(』)
8500 本期綜合損益總額 $ 1 h41 377 之 盅_L575,858 羞 謚 謚
8600 淨利歸屬於：
8610 本公司業主 $ 1,391,166 23 $ 1,600,763 24 $ 4,671,193 24 $ 4,836,237 25
8620 非控制權益 ( 133) ( 529)
謚 羞 矗 $ 4,835,708 謚
8700 綜合損益總額歸屬於：
8710 本公司業主 $ 1,641,519 27 $ 1,576,015 24 $ 5,550,662 28 $ 4,448,377 23
8720 非控制權益 ( 142) ( 393)
』 篡 $ 5.550.269 溢 』3`
每股盈餘（附註二三）
9710 基 本 $ 25.59
9810 稀 釋
後附之附註係本合併財務報告之一部分。
驪
經理人王世忠言言］
董事長：王世忠 會 主管 晶 永祥
曰
5 -

