**page 0**
民 '
．囑醞 二·一一－、.I] 丨 丨·-一－一....－~~4－ 匱 早位 析台磐1干元
! I ！戶認
111年3月31日
（煙檳閲）
代碣萁 黷 % 金 訂 %
流觔活項
1100 現金及的含現金（附苴六） $ 88,842,494 19 $ 98,040,416 22
1110 透過4日益控公允價值街量之全品背盃 （附tt-t 611,802 370,222
1120 透過尖化綜合4員益按公允價值衙量之金晶預&. (
四） 5,934,753 l 6,978,002 2
1136 控攝鎮復成本街量之金晶f至 (HI汪六及三"1) 20,954,299 5 20,341,977 5
1150 息收祟鼠（附1主九及二三） 19,450,723 4 23,092,'f74 5
1170 島收帳款（附尪九｀十及二三） 15,148,760 3 10,329,793 2
1180 慮收累撮及帳款一間住人 （附江三三） 513,975 378,563
1200 裊化島收款 2,309,268 1 1,353,943
1210 舆化息收款－關住人（附苴三三） 415,606 303,904
130X 存債（附tt+-) 16,089,980 4 13,552,203 3
1410 預付款項 4,268,024 1 5,472,861
1479 美化流動資洹（附i主二三） .. 1084374 8177
llXX 泯動背左總計 : 175,624.058 一呈 181,032,587 40
,,, 1
1510 非流觔 這資 過至 4R益控公允價值術量之全蝨行及 (R1i主七·三.::.及三L· n四．丶)i · ` 2面，1＇1.2 -.-·一·_ 284,876
1517 透過其化琮合4員益控公允價值街臺之金晶貸a （附辻入｀三二及三
"') 23,662,688 5 22,751,646 5 28,349,964 6
1535 控攝鏑復成本街量之合品資及 （附苴六及三四） 11,492,164 3 9,577,103 2 5,874,111
1550 採用濯益法之投責（附苴十三及三..) 55,617,949 12 53,586,673 12 48,438,239 11
1600 不動至｀廠房及改債（附苴十四，二四、三三及三四） 120,821,456 26 114,739,983 25 103,227,319 23
1755 倢II!楫活及（附tt十五及.::.四） 15,650,039 3 15,503,775 3 15,433,901 3
1760 找積性不動及（附辻十六．:=..l!!I及三四） 5,317,619 1 s,323,m6 1 5,420,880 1
1780 無形漬入（附扛十七及二四） 28,319,815 6 27,880,416 6 28,443,122 6
1915 預什成倩款（附辻十"') 10,416,682 2 9,658,047 2 8,583,847 2
194D 恿收品賁扛債款（附i主十） 20,593,782 5 21,3n,402 5 24,108,219 5
1975 凈屯定這f,1資及（附庄四） 1,570,101 1,567,531 1,852,446
1995 共化非流動資至（附扛口及三四） 3,06.3,a39 __1 2 939 435 一一1 2,073,636 __.l
15XX 非流動苗及總計 296,816,346 竺 285,184,903 二 271,805,684 盡
lXXX f 及 息 `t $ 461 648 `` - 足」臨8閌％1 - $ i528汶2n 粵
代碼負 債 及 糧 益
流動負債
2100 垣翔僅氐（附庄十八、三十及三I'll) $ 17,733,242 4 $ 22,416,812 5 $ 49,f/!1,467 11
2110 恿付緬翔柔券（附江十八） 3,051,693 1 3,065,961 1 6,159,512 1
2120 這過4員益控公允價值術量之金融負債 （用U-t及三二） 364,022 641,522 461,702
2130 合的負債（附苴=---=-) 2,779,840 1 1,774,714 1,398,293
2170 息付柔諴及帳款（用止三三） 14,355,988 3 13,691,411 3 11,279,929 3
2219 裊化息付款（用辻十1!!I及二十） 11,231,963 2 9,m,s91 2 8,768,775 2
2220 美化息付款－關係人（附1主三三） 1,242,861 750,236 27,392
2230 本翔所得祝負債（附1主1!9) 1,317,413 1,063,356 2,104,940
2280 碸情負債（附i.+Ji.及三三） 423,841 400,136 416,321
2320 一年內到翔之長扭負債（附汪十八、十九·三十及三四） 21,115,742 5 21,511,839 5 29,080,294 6
2399 舆化涼動負債 723,450 121 833 269 506
21XX 流動負債總計 74,340,055 -J 75 209 411 - 109,658,131 -A
非流動負債
2530 島付公司債（附江十九） 81,423,818 18 72,136,574 16 81,616,287 18
2540 長翔僅鈦（附tt+'丶｀三十及三曰） 33,2`',02` 7 42,864,736 9 8,455,784 2
2580 私債負債（附`主+li.及三:-) 3,641,884 1 3,550,048 1 3,222,571 1
2570 遞廷帛杆稅負債（附辻四） 12,460,280 3 12,359,419 3 12,1175,590 3
2610 長翔息付累撮（用t主十八） 15,055,513 3 14,990,589 3 697,646
2640 淨屯定搵十」負債（附苴四） 64,273 119,623 84,705
2670 其化非涼動負債（附扛十三） 1,347,488 1,302,781 1,269,802
25XX 非流動負債總計 147 227,279 - 147,321,770 ＿立2 107 422385 』
2XXX 負債迫tt 221,567J34 48 222 533,181 二 217,080,516 48
本公司寀圭攢益總計（附苴.;:..;:.)
3110 臺逼成成本 71,561,817 16 71,561,817 16 61,252,340 13
3120 特別成成本 2,000,000 2,000,000 2,000,000
3200 活本公積 66,000,181 1 4 65,985,865 1 4 56,758,936 13
3300 係留互蜍 67,934,698 15 66,527,594 14 75,140,220 17
3血 某化糧A 13,484,421 3 11,991,090 3 20,037,610 4
3500 皐諴成柔 904 059) 171 600) 392.;)43)
31XX 本公司藎主揖益總計 220,077,058 48 217,894,766 47 214,796,763 47
36XX 非控｀＂｀益（用t主二二） 20,000 976 - 20,381 014 - 20,960992 -
3XXX 糧益艳計 240081034 52 238,275 780 - 235,757,755 52
負債真損益圯計 :i ~6l g~§ 36§ $ A氐i§98澁l ...ll! § ii2838221 竺
一
tl 附之tH 1係本＾併富 分 `
,\ i 青 參聞蓺霎 z信 礴徨 合t 濯會1t 繹坏． 事積 1 1 a A 閲粒告 ) 圜
事 張 鸝 ,
` ` t t
殛 人 令 主子 菓國 宏
一

