**page 0**
台，｀積贛：eh`"仆」－竹h百頑.!!L,jl 及子公司
!
民因 111 年 9 l芸畫正11 日及 9 月 30
8
臬亻立 新台卟仟元
111年9月 30 B 110年12月 31 日 110年9月 30 B
（＇至核llll) （，立至核） （經枚閏）
代 4 資 左金 鈕 % 金 籍 % 金 祆 %
流動資走
llOO 現金及仂雷現金（附註六） $1,296,012,784 28 $1,064,990,192 29 $ 853)',11,966 26
lllO 送過操益花公允價值街量之金融資至（附註七） 4,705,434 159,048 33,956
1120 造過其化琮合4員益探公允價值街量之金忍資至 (Rt訌八） 126,209,422 3 119,519,251 3 121,935,878 4
1136 控攝銷1£成本術量之金品肴差 (Rt註九） 71,857,468 1 3,'Tl3,571
1139 迺險之金融肴元 (Rt訌十） 88,431 13,468 37,769
1170 患收素損及帳款；户籍（用iL+-) 260,447,134 6 197,586,109 186,309,080 6
1180 應收鬨仔人款項（附註三一） 1,091,174 715,324 859,144
1210 其化恩il:.開係人」大項 (Rt1主三一） 76,143 61,531 73,090
1310 存貸 (M苴十二） 218,335,874 5 193,102,321 5 182,233,752 5
1476 其他金尿森注（杞扛三二） 24,855,999 16,630,611 1 14,007,812
1479 其化流動奇走 ID 552 495 10 521 481 - 11 336 722
llXX 流動資及合計 2 014 232 358 』 1607 072 907 1370639,169 一且
非流動卣及
1517 透過共化琛合4R益拉公允價值街量之金融·弄A (NJ註八） 6,784,978 5,887,892 5,729,779
1535 拉癱佉後成木街量之金融茵左 (Rt注九） 42,347,584 1 1,533,391 1,545,597
1550 採用檳益法之投肴（附1L十三） 26,663,336 1 21,963,418 1 20,455,175
1600 不動天．庇房及改／倫（附注十四） 2,411,490,251 52 1,975,118,704 53 1,828,894,565 55
1755 使用槿弄左（附註十五） 42,349,743 1 32,734,537 I 32,961,097 1
1780 無形項A. (用扭十六） 26,706,552 1 26,821,697 1 25,643,914
1840 逸廷所汜fC卣互（附註面） 63,058,097 1 49,153,886 1 41,925,391
1920 存出1/f堢金 4,451,490 2,624,854 2,422,262
1990 其他非流動資差 5 217 377 2 592 169 2 094 935
J5XX 非流魷苷生合計 2,629 069,408 一旦 2,118,430,548 一旦 1 961,672 715 二
-
!XXX 肴 屋 連 計 閂1_30l2 ...lQQ 鋭严g3~ 』9 S3 332 3U 8&4
負 債 及 才楫 益
流動負債
2100 拉翔借款 （附汪十七及二九） $ $ J 14,921,333 $ 118,844,065 4
2120 透過找益按公允價值術量之金融負債 （附註七） 611,010 681,914 1,405,470
2126 避冷之金屈負債 (IHtt+) 9,642
2170 患付帳款 60,147,405 1 47,285,603 1 41,733,233
2180 恿付閣1各人款項（附訌三一） 1,870,819 1,437,186 2,155,628
2201 患付耘打及亞全 31,380,029 1 23,802,100 1 20,422,409
2206 恿付員工酬勞及董亨酬勞 (Ht:i-=-八) 45,041,965 1 36,524,741 1 27,219,784
2213 患什工11及我亻首款 159,780,369 3 145,742,148 4 128,367,724 4
2216 患付現金成利 (Ht：主二十） 142,617,093 3 142,617,093 4 142,617,092 4
2230 本'Jj所得我負債 (R1辻四） 76,005,324 2 59,647,152 2 33,614,402
2320 一年內到｀且長，月＇債（用訌十八丶十九及二九） 23,426,667 1 4,566,667 -
2399 恿付責用及其化流動負債 (R1注十五、二一、二九及三一） 266,550,606 -_g 162 267 779 --4 139,241,643
21XX 流動負債合計 807 431,287 一旦 739盃03,358 －蝨 655,621,450 ___.1Q
非流動1債
2530 恿亻·t公司債（附i户八及二九） 842,386,471 18 610,070,652 16 459,733,448 14
2541 長蕻銥行借款 （附註十九及二九） 3,055,178 3,309,131 3,472,190
2573 逸延所得我負債（附註四） 1,466,389 1,873,877 2,306,909
2580 租＂負債（用訌十五及二九） 30,182,353 20,764,214 21,052,983
2640 淨吐定猛f'I負債 (Hj1主1!9) 8,503,262 11,036,879 11,276,177
2645 存入保琛金 907,991 686,762 641,546
2670 其化非流動負債 (M註二一） 197 052 676 一一生 167 525 377 三 99 886 871 二
25XX 非流動負債合計 1,083,554,320 －互 8]5.266,892 －二 598 370 124 一鱗
-
2XXX 負債合計 1,890,985,607 1 554,770 250 _42 1.253,991,574 一立§
氏層淤母公司宗主之扭益
3110 成本 (H1i缸0及二十） -
嵒通敖敖本 259 303 805 -4i 259,303,805 -__J_ 259 303 805 -
3200 萁本公積 (Ht1主1!!l、二·t及二七） 69 316 391 -J 64 761 602 64 746 864
併留盈仕（附註四及二十） _
3310 法定孟伶公積 311,146,899 7 311,146,899 B 311,146,899 9
3320 特別蝨伶公積 35,064,663 -1 59,304,212 2 58,594,043 -2
3350 未分6C至仔 2,O66 562,O35 - 1 536,378,550 -4 1,441 532,663
3300 1名留盈仔合計· 2 412,713,597 1 906,829,661 －孟 1,811,273,605
3400 其化柑益 （附訌四、二十及二七） ( 3419487) ( 62,608,515) （一一2) ( 59,304 212 J (--1.)
31XX 母公司塢主4重益合計 2,737,974,306 59 2,168,286,553 58 2,076,020,062 62
36XX 非控制権益 14 341853 2 446 652 - 2 300 248
3XXX 楫益合計 2,752,316,159 ＿翌 2,170為3,205 一盅 2,078,320,310 －羋
- -
負債及iIi益連計 $1 613 3Ql 766 $3 725 5Q3155 泣和3ll§迅
後用之Rt註亻钅本合併財務」l告之一部分 c
鷗
釜事長 ＇至，里人 會計主子
- 4 -

