**page 0**
民國 111 年及 懞翌lI匣咀侃芒汨 日至 3 月 31 日
（僅經核閲，未依一般公認審計準則查核）
單位：新台幣仟元 ， 惟
每股盈餘為元
111年1月 1 日至3月 31 日 110年1月 1 日至3月 31 日
代碼 金 額 % 金 額 %
4000 營業收入淨額（附註二一、三
及 z:...,__ ) $ 491,075,873 100 $ 362,410,230 100
-,、
5000 營業成本（附註十二、二八及
三一） 217,872,707 44 172,570,800 48
5950 營業毛利 273,203,166 56 189,839,430 52
營業費用（附註二八及三一）
6300 硏究發展費用 36,048,540 7 30,756,358 8
6200 管理費用 10,500,027 2 6,524,245 2
6100 行銷費用 2,062,623 1 1,831,230
6000 合 計 48,611,190 10 39,111,833 ＿旦
6500 其他營業收益及費損淨額（附
註十四、十五及二八） ( 801,858) ( 189,407)
6900 營業淨利（附註三六） 223,790,118 46 150,538,190 42
營業外收入及支出
7060 採用權益法認列之關聯企
業損益份額 1,725,490 1,267,112
7100 利息收入（附註二二） 1,673,879 1,460,904
7190 其他收入 308,383 308,084
7230 外幣兌換淨益（附註三
四） 1,742,888 5,473,989 2
7050 財務成本（附註二三） 2,140,766) 772,095)
7020 其他利益及損失淨額（附
註二四） 268,296) 3,211,795) (_l)
7000 合 計 3,041,578 4,526,199 1
7900 稅前淨利 226,831,696 46 155,064,389 43
7950 所得稅費用（附註四及二五） 23,958,322 5 15,325,640 4
8200 本期淨利 202,873,374 41 139,738,749 39
（接次頁）
- 5 -

